2.0004 462.66 1.2949 0
2.0005 462.66 1.3298 0
2.0005 454.58 1.3656 0
2.0005 445.74 1.4022 0
2.0005 435.63 1.4398 0
2.0006 425.96 1.4784 0
2.0006 414.11 1.5179 0
2.0006 401.04 1.5584 0
2.0007 387.05 1.5999 0
2.0007 374.86 1.6425 0
2.0007 359.1 1.6861 0
2.0008 344.2 1.7307 0
2.0008 328.32 1.7764 0
2.0009 312.29 1.8232 0
2.0009 295.93 1.8712 0
2.001 278.98 1.9202 0
2.001 262.74 1.9704 0
2.0011 246.28 2.0218 0
2.0012 229.69 2.0743 0
2.0012 213.15 2.128 0
2.0013 197.52 2.1829 0
2.0014 181.82 2.239 0
2.0014 166.18 2.2963 0
2.0015 151.19 2.3548 0
2.0016 136.23 2.4145 0
2.0017 121.7 2.4755 0
2.0018 108.31 2.5376 0
2.0019 94.742 2.601 0
2.002 82.323 2.6656 0
2.0021 70.776 2.7314 0
2.0022 60.148 2.7984 0
2.0023 50.795 2.8666 0
2.0025 42.419 2.9359 0
2.0026 35.233 3.0063 0
2.0027 28.957 3.0778 0
2.0029 23.871 3.1504 0
2.0031 19.5 3.2239 0
2.0032 15.819 3.2985 0
2.0034 12.725 3.3739 0
2.0036 10.389 3.4502 0
2.0038 8.34 3.5273 0
2.004 6.7157 3.605 0
2.0042 5.4171 3.6834 0
2.0045 4.4016 3.7622 0
2.0047 3.5727 3.8415 0
2.005 2.913 3.921 0
2.0053 2.4063 4.0007 0
2.0056 1.9859 4.0804 0
2.0059 1.662 4.16 0
2.0062 1.3764 4.2392 0
2.0065 1.1633 4.3179 0
2.0069 0.97661 4.3959 0
2.0073 0.82 4.4731 0
2.0077 0.69091 4.549 0
2.0081 0.58002 4.6236 0
2.0086 0.4811 4.6966 0
2.009 0.40727 4.7676 0
2.0095 0.34922 4.8363 0
2.0101 0.2929 4.9026 0
2.0106 0.25228 4.966 0.24079
2.0112 0.21835 5.0261 0.21119
2.0118 0.18438 5.0827 0.18523
2.0125 0.16466 5.1353 0.16246
2.0131 0.14528 5.1835 0.14249
2.0139 0.12526 5.2269 0.12497
2.0146 0.11071 5.2652 0.10961
2.0154 0.096633 5.2978 0.096135
2.0163 0.082746 5.3244 0.084318
2.0172 0.072369 5.3444 0.073952
2.0181 0.06458 5.3575 0.064862
2.0191 0.05874 5.3631 0.056888
2.0201 0.050117 5.3609 0.049895
2.0212 0.044352 5.3504 0.043762
2.0224 0.0369 5.3311 0.038382
2.0236 0.034235 5.3028 0.033664
2.0249 0.029478 5.265 0.029526
2.0263 0.024976 5.2174 0.025896
2.0277 0.020694 5.1597 0.022713
2.0292 0.017564 5.0916 0.019921
2.0307 0.015163 5.0131 0.017472
2.0324 0.012941 4.9238 0
2.0341 0.010899 4.8239 0
2.036 0.0092546 4.7134 0
2.0379 0.0079722 4.5924 0
2.0399 0.0064733 4.461 0
2.042 0.0049561 4.3198 0
2.0443 0.0045377 4.169 0
2.0466 0.0032347 4.0093 0
2.0491 0.0026434 3.8413 0
2.0517 0.0021968 3.6658 0
2.0544 0.0018529 3.4838 0
2.0572 0.0016879 3.2963 0
2.0602 0.0012676 3.1043 0
2.0633 0.0010671 2.9091 0
2.0666 0.00090958 2.7121 0
2.0701 0.00068796 2.5145 0
2.0737 0.00049291 2.3177 0
2.0774 0.0004561 2.1233 0
2.0814 0.00023885 1.9325 0
2.0855 0.00030803 1.7468 0
2.0898 0.00017777 1.5675 0
2.0943 8.6341e-05 1.3958 0
2.099 7.3595e-05 1.2329 0
2.104 8.9062e-05 1.0797 0
2.1091 6.9679e-05 0.93691 0
2.1145 4.1679e-05 0.80525 0
2.12 2.9605e-05 0.68509 0
2.1259 9.3461e-06 0.57662 0
2.1319 1.1802e-05 0.47984 0
2.1382 0 0.39453 0
2.1448 2.6465e-06 0.32029 0
2.1516 2.5064e-06 0.25654 0
2.1587 0 0.20257 0
2.1661 4.4964e-06 0.15757 0
2.1737 0 0.12063 0
2.1817 0 0.090812 0
2.1899 0 0.067156 0
2.1984 0 0.048736 0
2.2072 0 0.034671 0
2.2163 0 0.02415 0
2.2257 0 0.016452 0
2.2355 0 0.010946 0
2.2455 0 0.0071038 0
2.2559 0 0.0044903 0
2.2665 0 0.0027602 0
2.2775 0 0.0016475 0
2.2888 0 0.00095312 0
2.3005 0 0.00053353 0
2.3124 0 0.00028842 0
2.3247 0 0.00015027 0
2.3373 0 7.5303e-05 0
2.3502 0 3.6211e-05 0
2.3634 0 1.667e-05 0
2.3769 0 7.3286e-06 0
2.3908 0 3.0687e-06 0
2.405 0 1.2204e-06 0
2.4194 0 4.5966e-07 0
2.4342 0 1.6344e-07 0
2.4493 0 5.4684e-08 0
2.4647 0 1.7157e-08 0
2.4803 0 5.0292e-09 0
2.4963 0 1.3721e-09 0
2.5125 0 3.4695e-10 0
2.529 0 8.097e-11 0
2.5457 0 1.736e-11 0
2.5627 0 3.4032e-12 0
2.58 0 6.0689e-13 0
2.5976 0 9.7924e-14 0
2.6153 0 1.4216e-14 0
2.6333 0 1.8457e-15 0
2.6516 0 2.1297e-16 0
2.67 0 2.1694e-17 0
2.6887 0 1.9373e-18 0
2.7076 0 1.5054e-19 0
2.7266 0 1.0099e-20 0
2.7459 0 5.8013e-22 0
2.7654 0 2.8286e-23 0
2.785 0 1.1599e-24 0
2.8049 0 3.9612e-26 0
2.8249 0 1.1152e-27 0
2.845 0 2.56e-29 0
2.8653 0 4.7377e-31 0
2.8858 0 6.9831e-33 0
2.9064 0 8.0936e-35 0
2.9272 0 7.2776e-37 0
2.9481 0 5.0051e-39 0
2.9691 0 2.5935e-41 0
